1609254201.165719
1609254218.863669
1609254237.566185
1609254256.015934
1609254274.657053
1609254292.061524
1609254309.328921
1609254326.5049448
1609254343.760318
1609254360.989658
1609254378.694473
1609254396.074187
1609254413.5548
1609254431.06021
1609254448.5023072
1609254465.9549341
1609254483.472935
1609254500.957469
1609254518.376506
1609254535.7410848
1609254553.0752
1609254570.268796
1609254587.471481
1609254604.68655
1609254621.788218
1609254638.94348
1609254656.323443
1609254673.580951
1609254690.741198
1609254707.9236622
1609254725.1835608
1609254742.4457831
1609254759.659123
1609254777.233974
1609254794.6592782
1609254812.1157708
1609254829.434759
1609254846.896393
1609254864.944025
1609254882.304478
1609254899.745758
1609254917.231742
1609254934.542439
1609254951.904174
1609254969.29326
1609254986.7035189
1609255004.035577
1609255021.435662
1609255038.6606138
1609255055.9112551
1609255073.277641
1609255090.5936608
1609255107.9071622
1609255125.291796
1609255142.875624
1609255160.3402612
1609255177.6557288
1609255195.206369
1609255213.306035
1609255230.597822
1609255247.9232209
1609255265.188253
1609255282.317646
1609255299.5320032
1609255316.799159
1609255334.123889
1609255351.356691
1609255368.787592
1609255386.104086
1609255403.340887
1609255420.484788
1609255437.717931
1609255455.171211
1609255472.4020128
1609255489.713706
1609255507.034946
1609255524.3853362
1609255542.682092
1609255561.571661
1609255580.172943
1609255598.9026392
1609255617.755032
1609255636.473325
1609255655.0813708
1609255673.716612
1609255692.268903
1609255711.019351
1609255729.691642
1609255748.276385
1609255766.904011
1609255785.569315
1609255804.04068
1609255822.789956
1609255841.467083
1609255860.0961542
1609255878.7491672
1609255897.404652
1609255915.9346719
1609255934.6382
1609255953.450709
1609255972.123879
1609255990.875343
1609256009.573615
1609256028.133791
1609256046.830614
1609256065.6230028
1609256084.362009
1609256103.1025999
1609256121.749304
1609256140.311727
1609256159.011374
